best 10 rmse (lowest scores):
15154 0.004805786360837784
14192 0.004836652858902934
14201 0.004841719648342462
14073 0.004901713808324622
14367 0.004930111369132414
14179 0.0049315595959844305
14696 0.0049324846185959835
14690 0.004934156771495352
14390 0.004934584935870539
14685 0.004938164120179236

worst 10 rmse (highest scores):
12245 0.12645614975776256
13194 0.11359306916061533
12305 0.10451581731482959
11598 0.09545405408856278
11672 0.09361653928869007
11984 0.09360108240059763
11974 0.08994968514048886
11670 0.07977689307708247
13278 0.07881880822907872
11300 0.0785909601309357