best 10 rmse (lowest scores):
13223 0.005396604961176122
14390 0.005402426545943228
15324 0.0054214642050431075
15231 0.005429443177681299
15863 0.00543594528636145
15360 0.00543594528636145
15635 0.00543594528636145
15343 0.00543594528636145
15373 0.00543594528636145
15618 0.00543594528636145

worst 10 rmse (highest scores):
12245 0.12363683681794052
13194 0.11251472848222095
12305 0.10274405295077782
11598 0.09848398773824446
11984 0.0917501316023813
11672 0.09172250981539294
11974 0.0887490004328735
13278 0.08089516866776619
11670 0.07875991798014095
11300 0.07851674073776067